0.020000,,,3.800000
0.060000,,,-1.344858
0.060000,,,-1.344858
0.080000,,,1.112113
0.120000,,,0.054097
0.120000,,,0.043350
0.140000,,,-0.502558
0.160000,,,-0.784307
0.200000,,,0.824156
0.200000,,,1.456997
0.220000,,,1.399897
0.240000,,,1.434311
0.260000,,,1.293256
0.280000,,,2.272995
0.300000,,,2.303919
0.320000,,,-0.010430
0.360000,,,1.075334
0.360000,,,2.007926
0.440000,,,0.747483
0.440000,,,-0.186431
0.440000,,,0.136124
0.440000,,,0.362635
0.460000,,,-0.135567
0.480000,,,-0.123938
0.500000,,,0.809915
0.520000,,,2.236499
0.540000,,,1.076110
0.560000,,,-0.636721
0.580000,,,-1.247251
0.600000,,,-0.749734
0.620000,,,0.449263
0.640000,,,-1.617762
0.660000,,,-3.872356
0.680000,,,-0.800133
0.700000,,,0.568739
0.720000,,,-1.705182
0.740000,,,-0.749235
0.760000,,,0.692189
0.780000,,,-0.308268
0.800000,,,-0.750199
0.820000,,,-0.654069
0.840000,,,-0.553673
0.860000,,,-1.169681
0.880000,,,-2.340999
0.900000,,,-1.943754
0.920000,,,-1.092625
0.940000,,,-0.114134
0.960000,,,0.391297
0.980000,,,-1.494415
1.000000,,,-0.407168
1.020000,,,3.495683
1.040000,,,1.639317
1.060000,,,-1.589643
1.080000,,,0.074851
1.100000,,,1.304038
1.120000,,,0.367149
1.140000,,,-0.559735
1.160000,,,-0.879601
1.180000,,,0.304026
1.200000,,,1.289392
1.220000,,,1.455765
1.240000,,,1.527425
1.260000,,,1.237388
1.280000,,,2.272995
1.300000,,,2.303919
1.320000,,,-0.010430
1.340000,,,0.944070
1.360000,,,1.969817
1.380000,,,-1.385384
1.400000,,,-1.664589
1.420000,,,1.340852
1.440000,,,1.160548
1.460000,,,-0.324190
1.520000,,,1.580576
1.520000,,,2.639303
1.520000,,,2.371193
1.540000,,,0.645423
1.560000,,,-0.625821
1.600000,,,-0.977045
1.600000,,,-0.702989
1.620000,,,0.433681
1.640000,,,-1.643732
1.660000,,,-3.856774
1.680000,,,-0.800133
1.700000,,,0.568739
1.720000,,,-1.705182
1.740000,,,-0.749235
1.760000,,,0.692189
1.820000,,,-0.173082
1.820000,,,-1.023408
1.820000,,,-0.757865
1.840000,,,-0.545240
1.860000,,,-1.106202
1.880000,,,-2.371236
1.900000,,,-1.943754
1.920000,,,-1.092625
1.980000,,,-1.531177
1.980000,,,-1.984706
1.980000,,,-1.927651
2.000000,,,0.011510
2.020000,,,3.675422
2.040000,,,1.449194
2.060000,,,-1.589643
2.080000,,,0.074851
2.100000,,,1.304038
2.120000,,,0.367149
2.260000,,,0.719600
2.280000,,,2.478221
2.280000,,,2.776689
2.280000,,,2.448282
2.280000,,,2.359532
2.280000,,,2.470483
2.280000,,,2.470483
2.280000,,,2.470483
2.300000,,,2.181673
2.320000,,,-0.125019
2.340000,,,1.055021
2.360000,,,1.969817
2.380000,,,-1.385384
2.400000,,,-1.664589
2.420000,,,1.340852
2.500000,,,1.779943
2.500000,,,0.837325
2.500000,,,0.677282
2.500000,,,0.988450
2.520000,,,2.054405
2.540000,,,1.031615
2.580000,,,-0.881404
2.580000,,,-1.342587
2.600000,,,-0.717955
2.620000,,,0.502228
2.640000,,,-1.649541
2.660000,,,-3.872356
2.680000,,,-0.800133
2.700000,,,0.568739
2.720000,,,-1.705182
2.740000,,,-0.749235
2.760000,,,0.692189
2.780000,,,-0.308268
2.800000,,,-0.750199
2.820000,,,-0.654069
2.840000,,,-0.553673
2.860000,,,-1.169681
2.880000,,,-2.340999
2.900000,,,-1.943754
2.920000,,,-1.092625
2.940000,,,-0.114134
2.960000,,,0.391297
2.980000,,,-1.494415
3.000000,,,-0.407168
3.020000,,,3.495683
3.040000,,,1.639317
3.060000,,,-1.589643
3.080000,,,0.074851
3.100000,,,1.304038
3.120000,,,0.367149
3.140000,,,-0.559735
3.160000,,,-0.879601
3.180000,,,0.304026
3.200000,,,1.289392
3.220000,,,1.455765
3.240000,,,1.527425
3.260000,,,1.237388
3.280000,,,2.272995
3.300000,,,2.303919
3.320000,,,-0.010430
3.340000,,,0.944070
3.360000,,,1.969817
3.380000,,,-1.385384
3.400000,,,-1.664589
3.420000,,,1.340852
3.440000,,,1.160548
3.460000,,,-0.324190
3.520000,,,1.580576
3.520000,,,2.639303
3.540000,,,1.020815
3.540000,,,0.253378
3.560000,,,-0.495139
3.580000,,,-0.920252
3.600000,,,-0.880416
3.620000,,,0.449263
3.640000,,,-1.617762
3.660000,,,-3.872356
3.680000,,,-0.800133
3.700000,,,0.568739
3.760000,,,0.723267
3.760000,,,0.216727
3.760000,,,0.532931
3.780000,,,-0.725204
3.800000,,,-0.557273
3.820000,,,-0.628818
3.840000,,,-0.553673
3.880000,,,-2.295876
3.880000,,,-2.667959
3.900000,,,-1.834767
3.920000,,,-0.910981
3.940000,,,-0.223121
3.960000,,,0.391297
3.980000,,,-1.494415
4.000000,,,-0.407168
4.020000,,,3.495683
4.040000,,,1.639317
4.060000,,,-1.589643
4.080000,,,0.074851
4.100000,,,1.304038
4.120000,,,0.367149
4.140000,,,-0.559735
4.160000,,,-0.879601
4.180000,,,0.304026
4.200000,,,1.289392
4.220000,,,1.455765
4.240000,,,1.527425
4.260000,,,1.237388
4.280000,,,2.272995
4.300000,,,2.303919
4.320000,,,-0.010430
4.340000,,,0.944070
4.360000,,,1.969817
4.420000,,,2.024427
4.420000,,,1.466020
4.420000,,,1.632354
4.440000,,,0.403417
4.460000,,,-0.339477
4.480000,,,-0.205502
4.500000,,,0.932261
4.520000,,,2.236499
4.540000,,,1.076110
4.580000,,,-0.965102
4.600000,,,-1.181578
4.600000,,,-0.671210
4.620000,,,0.486646
4.680000,,,0.322241
4.680000,,,0.142399
4.680000,,,-0.000798
4.700000,,,-0.084367
4.720000,,,-2.063332
4.740000,,,-0.418347
4.760000,,,0.692189
4.780000,,,-0.308268
4.800000,,,-0.750199
4.820000,,,-0.654069
4.840000,,,-0.553673
4.860000,,,-1.169681
4.880000,,,-2.340999
4.900000,,,-1.943754
4.920000,,,-1.092625
4.940000,,,-0.114134
4.980000,,,-1.573307
4.980000,,,-2.064784
5.020000,,,2.988397
5.020000,,,4.743167
5.040000,,,1.138990
5.060000,,,-2.106650
5.080000,,,0.385055
5.100000,,,1.304038
5.140000,,,0.081550
5.140000,,,-0.642651
5.160000,,,-0.851963
5.180000,,,0.350091
5.200000,,,1.261753
5.220000,,,1.455765
5.240000,,,1.527425
5.260000,,,1.237388
5.280000,,,2.272995
5.300000,,,2.303919
5.340000,,,1.787003
5.340000,,,1.465905
5.360000,,,1.795871
5.380000,,,-1.675292
5.400000,,,-1.490644
5.440000,,,0.076612
5.440000,,,0.793510
5.460000,,,-0.201844
5.520000,,,1.784486
5.520000,,,2.516957
5.520000,,,2.371193
5.540000,,,0.645423
5.560000,,,-0.625821
5.600000,,,-0.977045
5.620000,,,0.373424
5.620000,,,0.746188
5.640000,,,-1.747901
5.660000,,,-4.030389
5.680000,,,-0.695964
5.700000,,,0.568739
5.720000,,,-1.705182
5.740000,,,-0.749235
5.760000,,,0.692189
5.800000,,,0.139376
5.800000,,,-0.620238
5.820000,,,-0.697389
5.880000,,,-2.222206
5.880000,,,-2.716007
5.880000,,,-2.513475
5.900000,,,-1.577294
5.920000,,,-1.065465
5.980000,,,-1.640163
5.980000,,,-1.984706
5.980000,,,-1.927651
6.020000,,,3.216953
6.020000,,,4.606034
6.040000,,,1.138990
6.060000,,,-2.106650
6.100000,,,0.038778
6.100000,,,1.203506
6.120000,,,0.400660
6.140000,,,-0.503884
6.160000,,,-0.913112
6.180000,,,0.304026
6.200000,,,1.289392
6.220000,,,1.455765
6.240000,,,1.527425
6.260000,,,1.237388
6.340000,,,1.558774
6.340000,,,1.671151
6.340000,,,1.732614
6.340000,,,1.622271
6.360000,,,1.795368
6.440000,,,0.429109
6.440000,,,0.008686
6.440000,,,0.123421
6.440000,,,0.362635
6.460000,,,-0.135567
6.480000,,,-0.123938
6.500000,,,0.809915
6.520000,,,2.236499
6.540000,,,1.076110
6.560000,,,-0.636721
6.600000,,,-1.086241
6.620000,,,0.373424
6.620000,,,0.746188
6.700000,,,0.011416
6.700000,,,-0.338874
6.700000,,,-0.181212
6.700000,,,-0.092058
6.720000,,,-2.024875
6.740000,,,-0.402964
6.760000,,,0.669115
6.780000,,,-0.308268
6.800000,,,-0.750199
6.820000,,,-0.654069
6.840000,,,-0.553673
6.860000,,,-1.169681
6.880000,,,-2.340999
6.900000,,,-1.943754
6.940000,,,-0.313975
6.940000,,,0.111925
6.960000,,,0.315944
6.980000,,,-1.620004
7.000000,,,-0.331814
7.020000,,,3.495683
7.040000,,,1.639317
7.060000,,,-1.589643
7.080000,,,0.074851
7.100000,,,1.304038
7.120000,,,0.367149
7.180000,,,0.136643
7.180000,,,0.579526
7.180000,,,0.601557
7.200000,,,1.055432
7.220000,,,1.320422
7.240000,,,1.649066
7.340000,,,1.669659
7.340000,,,1.684271
7.340000,,,1.629319
7.340000,,,1.662893
7.340000,,,1.664103
7.360000,,,1.795368
7.380000,,,-1.716461
7.400000,,,-1.490644
7.420000,,,1.340852
7.440000,,,1.160548
7.460000,,,-0.324190
7.480000,,,-0.412663
7.500000,,,0.932261
7.520000,,,2.236499
7.540000,,,1.076110
7.580000,,,-0.965102
7.580000,,,-1.342587
7.600000,,,-0.717955
7.620000,,,0.502228
7.640000,,,-1.649541
7.660000,,,-3.872356
7.680000,,,-0.800133
7.700000,,,0.568739
7.720000,,,-1.705182
7.740000,,,-0.749235
7.760000,,,0.692189
7.780000,,,-0.308268
7.800000,,,-0.750199
7.820000,,,-0.654069
7.840000,,,-0.553673
7.860000,,,-1.169681
7.880000,,,-2.340999
7.900000,,,-1.943754
7.920000,,,-1.092625
7.940000,,,-0.114134
7.960000,,,0.391297
7.980000,,,-1.494415
8.000000,,,-0.407168
8.020000,,,3.495683
8.040000,,,1.639317
8.060000,,,-1.589643
8.080000,,,0.074851
8.100000,,,1.304038
8.120000,,,0.367149
8.140000,,,-0.559735
8.160000,,,-0.879601
8.180000,,,0.304026
8.200000,,,1.289392
8.220000,,,1.455765
8.240000,,,1.527425
8.260000,,,1.237388
8.340000,,,1.558774
8.340000,,,1.671151
8.340000,,,1.732614
8.340000,,,1.622271
8.360000,,,1.795368
8.380000,,,-1.716461
8.400000,,,-1.490644
8.420000,,,1.340852
8.440000,,,1.160548
8.460000,,,-0.324190
8.480000,,,-0.412663
8.500000,,,0.932261
8.520000,,,2.236499
8.540000,,,1.076110
8.560000,,,-0.636721
8.580000,,,-1.247251
8.600000,,,-0.749734
8.620000,,,0.449263
8.640000,,,-1.617762
8.660000,,,-3.872356
8.680000,,,-0.800133
8.700000,,,0.568739
8.720000,,,-1.705182
8.740000,,,-0.749235
8.760000,,,0.692189
8.780000,,,-0.308268
8.800000,,,-0.750199
8.840000,,,-0.629809
8.840000,,,-0.546630
8.860000,,,-1.172028
8.880000,,,-2.344912
8.900000,,,-1.941406
8.920000,,,-1.092625
8.940000,,,-0.114134
8.960000,,,0.391297
8.980000,,,-1.494415
9.000000,,,-0.407168
9.020000,,,3.495683
9.040000,,,1.639317
9.080000,,,0.586531
9.080000,,,0.706643
9.100000,,,1.093440
9.120000,,,0.016153
9.140000,,,-0.349137
9.160000,,,-0.879601
9.200000,,,0.881333
9.200000,,,1.456997
9.220000,,,1.399897
9.240000,,,1.434311
9.260000,,,1.293256
9.280000,,,2.272995
9.300000,,,2.303919
9.320000,,,-0.010430
9.340000,,,0.944070
9.400000,,,-0.310975
9.400000,,,-0.778402
9.400000,,,-1.075405
9.420000,,,1.585901
9.440000,,,0.735125
9.460000,,,-0.201369
9.480000,,,-0.412663
9.500000,,,0.932261
9.520000,,,2.236499
9.540000,,,1.076110
9.560000,,,-0.636721
9.580000,,,-1.247251
9.600000,,,-0.749734
9.620000,,,0.449263
9.640000,,,-1.617762
9.660000,,,-3.872356
9.720000,,,-2.917892
9.720000,,,-1.925418
9.720000,,,-2.045848
9.740000,,,-0.225791
9.760000,,,0.790362
9.820000,,,-0.354952
9.820000,,,-1.023408
9.820000,,,-0.757865
9.840000,,,-0.545240
9.860000,,,-1.106202
9.880000,,,-2.371236
9.920000,,,-1.486747
9.940000,,,-0.181295
9.940000,,,0.067699
9.960000,,,0.242233
9.980000,,,-1.575778
10.000000,,,-0.331814
10.020000,,,3.495683
10.040000,,,1.639317
10.060000,,,-1.589643
10.080000,,,0.074851
10.100000,,,1.304038
10.140000,,,0.081550
10.140000,,,-0.642651
10.160000,,,-0.851963
10.180000,,,0.350091
10.200000,,,1.261753
10.260000,,,1.403784
10.260000,,,1.092572
10.280000,,,2.267045
10.280000,,,2.654854
10.300000,,,2.255641
10.320000,,,-0.235970
10.340000,,,1.055021
10.360000,,,1.969817
10.380000,,,-1.385384
10.400000,,,-1.664589
10.420000,,,1.340852
10.440000,,,1.160548
10.460000,,,-0.324190
10.520000,,,1.580576
10.520000,,,2.639303
10.520000,,,2.371193
10.540000,,,0.645423
10.560000,,,-0.625821
10.580000,,,-1.138055
10.600000,,,-0.749734
10.620000,,,0.449263
10.640000,,,-1.617762
10.660000,,,-3.872356
10.680000,,,-0.800133
10.700000,,,0.568739
10.720000,,,-1.705182
10.740000,,,-0.749235
10.760000,,,0.692189
10.780000,,,-0.308268
10.800000,,,-0.750199
10.860000,,,-1.099946
10.860000,,,-1.153258
10.860000,,,-1.263023
10.940000,,,-0.275070
10.940000,,,-0.109719
10.940000,,,-0.189299
10.940000,,,-0.321931
10.980000,,,-1.659394
10.980000,,,-2.070793
11.000000,,,-0.141691
11.020000,,,3.812555
11.040000,,,1.449194
11.060000,,,-1.589643
11.080000,,,0.074851
11.100000,,,1.304038
11.120000,,,0.367149
11.200000,,,0.713950
11.200000,,,1.324438
11.220000,,,1.348232
11.220000,,,1.148419
11.220000,,,1.238463
11.240000,,,1.596948
11.260000,,,1.289538
11.280000,,,2.278573
11.300000,,,2.303919
11.400000,,,-0.362524
11.400000,,,-1.307678
11.400000,,,-0.900957
11.400000,,,-0.513594
11.400000,,,-0.762781
11.420000,,,1.377882
11.440000,,,0.735125
11.460000,,,-0.201369
11.480000,,,-0.412663
11.500000,,,0.932261
11.520000,,,2.236499
11.540000,,,1.076110
11.560000,,,-0.636721
11.580000,,,-1.247251
11.600000,,,-0.749734
11.620000,,,0.449263
11.720000,,,-1.737770
11.720000,,,-2.605775
11.720000,,,-2.528446
11.720000,,,-2.032006
11.720000,,,-2.267368
11.740000,,,-0.099847
11.760000,,,0.790362
11.780000,,,-0.490138
11.800000,,,-0.750199
11.820000,,,-0.654069
11.840000,,,-0.553673
11.860000,,,-1.169681
11.880000,,,-2.340999
11.900000,,,-1.943754
11.920000,,,-1.092625
11.960000,,,0.433428
11.960000,,,0.550267
11.980000,,,-1.547405
12.000000,,,-0.495484
12.020000,,,3.548673
12.040000,,,1.639317
12.060000,,,-1.589643
12.100000,,,-0.271426
12.100000,,,1.203506
12.120000,,,0.400660
12.160000,,,-1.064459
12.160000,,,-1.075860
12.180000,,,0.358275
12.200000,,,1.379807
12.220000,,,1.401516
12.240000,,,1.527425
12.260000,,,1.237388
12.280000,,,2.272995
12.300000,,,2.303919
12.320000,,,-0.010430
12.340000,,,0.944070
12.360000,,,1.969817
12.380000,,,-1.385384
12.400000,,,-1.664589
12.420000,,,1.340852
12.440000,,,1.160548
12.500000,,,0.657501
12.500000,,,0.737224
12.500000,,,1.088353
12.520000,,,1.994464
12.540000,,,1.031615
12.560000,,,-0.553023
12.580000,,,-1.247251
12.620000,,,0.326680
12.620000,,,0.761770
12.640000,,,-1.721931
12.680000,,,-0.626790
12.680000,,,0.296702
12.700000,,,0.237851
12.720000,,,-2.256663
12.740000,,,-0.418347
12.760000,,,0.692189
12.780000,,,-0.308268
12.800000,,,-0.750199
12.820000,,,-0.654069
12.840000,,,-0.553673
12.860000,,,-1.169681
12.880000,,,-2.340999
12.900000,,,-1.943754
12.920000,,,-1.092625
12.960000,,,0.433428
12.960000,,,0.550267
12.980000,,,-1.547405
13.080000,,,0.329258
13.080000,,,1.407414
13.080000,,,1.471056
13.080000,,,0.858883
13.080000,,,1.112113
13.100000,,,0.765837
13.120000,,,0.074481
13.140000,,,-0.349137
13.160000,,,-0.879601
13.180000,,,0.304026
13.200000,,,1.289392
13.220000,,,1.455765
13.240000,,,1.527425
13.260000,,,1.237388
13.280000,,,2.272995
13.340000,,,1.878506
13.340000,,,1.663496
13.340000,,,1.507074
13.360000,,,1.864486
13.380000,,,-1.716461
13.440000,,,-0.614221
13.440000,,,0.331057
13.440000,,,0.708695
13.460000,,,-0.343203
13.480000,,,-0.123938
13.500000,,,0.809915
13.520000,,,2.236499
13.540000,,,1.076110
13.560000,,,-0.636721
13.580000,,,-1.247251
13.600000,,,-0.749734
13.660000,,,-3.284238
13.680000,,,-0.703931
13.680000,,,0.488124
13.680000,,,0.601379
13.700000,,,-0.445673
13.720000,,,-2.063332
13.780000,,,-1.303911
13.780000,,,-0.711403
13.780000,,,-0.555421
13.860000,,,-1.254749
13.860000,,,-1.220889
13.860000,,,-1.190822
13.860000,,,-1.140711
13.900000,,,-1.584115
13.900000,,,-1.704116
13.920000,,,-1.207109
13.940000,,,-0.229112
13.960000,,,0.460283
13.980000,,,-1.494415
14.000000,,,-0.407168
14.020000,,,3.495683
14.040000,,,1.639317
14.060000,,,-1.589643
14.080000,,,0.074851
14.100000,,,1.304038
14.120000,,,0.367149
14.140000,,,-0.559735
14.180000,,,0.377352
14.180000,,,0.668948
14.240000,,,1.593164
14.240000,,,1.744318
14.240000,,,1.714672
14.260000,,,1.133181
14.320000,,,-0.256809
14.320000,,,-0.612524
14.320000,,,-0.412708
14.340000,,,1.564289
14.360000,,,2.085277
14.380000,,,-1.600498
14.420000,,,0.476075
14.420000,,,1.962335
14.440000,,,0.953387
14.480000,,,-0.552647
14.500000,,,0.693291
14.500000,,,1.172051
14.580000,,,-0.628196
14.580000,,,-1.265777
14.580000,,,-1.023970
14.580000,,,-0.760454
14.620000,,,0.318859
14.620000,,,0.678111
14.640000,,,-1.753710
14.680000,,,-0.626790
14.680000,,,0.296702
14.700000,,,0.237851
14.720000,,,-2.256663
14.740000,,,-0.418347
14.760000,,,0.692189
14.780000,,,-0.308268
14.800000,,,-0.750199
14.820000,,,-0.654069
14.900000,,,-1.437147
14.900000,,,-1.839510
14.900000,,,-1.662644
14.900000,,,-1.554299
14.920000,,,-1.180442
14.940000,,,-0.269112
14.960000,,,0.460283
14.980000,,,-1.494415
15.000000,,,-0.407168
15.020000,,,3.495683
15.040000,,,1.639317
15.060000,,,-1.589643
15.080000,,,0.074851
15.100000,,,1.304038
15.120000,,,0.367149
15.140000,,,-0.559735
15.160000,,,-0.879601
15.180000,,,0.304026
15.200000,,,1.289392
15.220000,,,1.455765
15.240000,,,1.527425
15.280000,,,2.383880
15.280000,,,2.605848
15.340000,,,1.767555
15.340000,,,1.478578
15.340000,,,1.618025
15.360000,,,1.864486
15.400000,,,-0.447314
15.400000,,,-1.122182
15.420000,,,1.218032
15.440000,,,0.955846
15.460000,,,-0.201369
15.480000,,,-0.412663
15.500000,,,0.932261
15.520000,,,2.236499
15.540000,,,1.076110
15.560000,,,-0.636721
15.580000,,,-1.247251
15.600000,,,-0.749734
15.620000,,,0.449263
15.640000,,,-1.617762
15.740000,,,-0.403412
15.740000,,,0.256742
15.740000,,,0.535680
15.740000,,,-0.018313
15.740000,,,0.179833
15.760000,,,0.440761
15.820000,,,-0.494792
15.820000,,,-0.813648
15.820000,,,-0.757865
15.840000,,,-0.545240
15.860000,,,-1.106202
15.880000,,,-2.371236
15.900000,,,-1.943754
15.960000,,,0.233587
15.960000,,,0.818457
15.980000,,,-1.542681
15.980000,,,-2.331679
16.020000,,,3.028424
16.020000,,,4.796157
16.040000,,,1.138990
16.060000,,,-2.106650
16.080000,,,0.385055
16.100000,,,1.304038
16.120000,,,0.367149
16.140000,,,-0.559735
16.160000,,,-0.879601
16.200000,,,0.881333
16.200000,,,1.456997
16.220000,,,1.399897
16.240000,,,1.434311
16.260000,,,1.293256
16.280000,,,2.272995
16.300000,,,2.303919
16.320000,,,-0.010430
16.340000,,,0.944070
16.360000,,,1.969817
16.380000,,,-1.385384
16.400000,,,-1.664589
16.420000,,,1.340852
16.440000,,,1.160548
16.460000,,,-0.324190
16.480000,,,-0.412663
16.500000,,,0.932261
16.520000,,,2.236499
16.540000,,,1.076110
16.560000,,,-0.636721
16.580000,,,-1.247251
16.600000,,,-0.749734
16.620000,,,0.449263
16.640000,,,-1.617762
16.660000,,,-3.872356
16.680000,,,-0.800133
16.800000,,,0.419015
16.800000,,,-0.019050
16.820000,,,-0.982982
16.820000,,,-0.680201
16.820000,,,-0.687527
16.820000,,,-0.637131
16.820000,,,-0.667368
16.840000,,,-0.643108
16.860000,,,-1.106202
16.940000,,,-0.422721
16.960000,,,0.405163
16.960000,,,0.562730
16.960000,,,0.331611
16.960000,,,0.322874
17.020000,,,3.408670
17.020000,,,4.289162
17.040000,,,1.012242
17.040000,,,-0.343076
17.060000,,,-1.334311
17.080000,,,0.866252
17.100000,,,1.015319
17.120000,,,0.367149
17.140000,,,-0.559735
17.160000,,,-0.879601
17.180000,,,0.304026
17.200000,,,1.289392
17.240000,,,1.823546
17.260000,,,1.214438
17.260000,,,1.079930
17.320000,,,-0.257356
17.340000,,,1.252612
17.340000,,,1.865937
17.340000,,,1.912179
17.360000,,,1.621423
17.380000,,,-1.716461
17.400000,,,-1.490644
17.440000,,,0.076612
17.460000,,,0.431215
17.460000,,,-0.307027
17.500000,,,0.691187
17.500000,,,1.119444
17.540000,,,0.767362
17.540000,,,0.544568
17.560000,,,-0.422341
17.600000,,,-0.868438
17.600000,,,-0.833671
17.620000,,,0.433681
17.640000,,,-1.643732
17.660000,,,-3.856774
17.700000,,,-1.038567
17.700000,,,0.499517
17.720000,,,-1.682108
17.800000,,,-1.148699
17.800000,,,-0.156873
17.800000,,,-0.021137
17.800000,,,-0.481975
17.820000,,,-0.627051
17.840000,,,-0.693505
17.860000,,,-1.126360
17.880000,,,-2.340999
17.900000,,,-1.943754
17.960000,,,0.233587
17.960000,,,0.818457
17.960000,,,0.421924
17.980000,,,-1.761310
18.020000,,,2.838301
18.020000,,,4.479285
18.040000,,,1.329113
18.060000,,,-2.106650
18.080000,,,0.385055
18.100000,,,1.304038
18.120000,,,0.367149
18.140000,,,-0.559735
18.160000,,,-0.879601
18.180000,,,0.304026
18.200000,,,1.289392
18.220000,,,1.455765
18.240000,,,1.527425
18.260000,,,1.237388
18.300000,,,1.984186
18.300000,,,2.220071
18.320000,,,0.017520
18.400000,,,-1.158875
18.400000,,,-0.962980
18.400000,,,-0.570383
18.400000,,,-0.728708
18.420000,,,1.377882
18.440000,,,0.735125
18.460000,,,-0.201369
18.480000,,,-0.412663
18.500000,,,0.932261
18.520000,,,2.236499
18.580000,,,-0.335669
18.580000,,,-1.374973
18.580000,,,-1.205963
18.620000,,,0.586165
18.620000,,,0.678111
18.640000,,,-1.753710
18.660000,,,-4.045971
18.720000,,,-2.813723
18.720000,,,-1.925418
18.720000,,,-2.045848
18.740000,,,-0.225791
18.760000,,,0.790362
18.780000,,,-0.490138
18.820000,,,-1.062656
18.820000,,,-0.744783
18.840000,,,-0.523436
18.920000,,,-1.075615
18.920000,,,-1.188693
18.920000,,,-1.151335
18.920000,,,-1.080202
18.940000,,,-0.342823
18.960000,,,0.430799
18.980000,,,-1.450189
19.000000,,,-0.407168
19.020000,,,3.495683
19.040000,,,1.639317
19.060000,,,-1.589643
19.080000,,,0.074851
19.100000,,,1.304038
19.120000,,,0.367149
19.140000,,,-0.559735
19.200000,,,0.954658
19.200000,,,1.413860
19.200000,,,1.279488
19.220000,,,1.104048
19.240000,,,1.611821
19.260000,,,1.293256
19.280000,,,2.272995
19.300000,,,2.303919
19.320000,,,-0.010430
19.360000,,,1.075334
19.360000,,,2.007926
19.380000,,,-1.398087
19.420000,,,0.454903
19.420000,,,1.975038
19.520000,,,2.701141
19.520000,,,1.948004
19.520000,,,2.231194
19.520000,,,2.153208
19.520000,,,2.200000
19.540000,,,0.849622
19.560000,,,-0.625821
19.580000,,,-1.138055
19.600000,,,-0.749734
19.620000,,,0.449263
19.660000,,,-3.039192
19.660000,,,-4.285029
19.700000,,,-0.901010
19.700000,,,0.728779
19.720000,,,-1.819666
19.740000,,,-0.710778
19.760000,,,0.669115
19.780000,,,-0.308268
19.800000,,,-0.750199
19.820000,,,-0.654069
19.840000,,,-0.553673
19.860000,,,-1.169681
19.900000,,,-1.628140
19.900000,,,-1.736795
19.980000,,,-1.800003
19.980000,,,-1.831493
19.980000,,,-1.853940
19.980000,,,-1.824685
20.000000,,,-0.050269
20.040000,,,0.691998
20.040000,,,0.583039
20.060000,,,-1.300925
20.080000,,,0.556048
20.100000,,,1.015319
20.120000,,,0.367149
20.140000,,,-0.559735
20.160000,,,-0.879601
20.180000,,,0.304026
20.200000,,,1.289392
20.240000,,,1.823546
20.240000,,,1.634200
20.260000,,,1.201796
20.340000,,,1.499454
20.340000,,,1.706743
20.340000,,,1.732614
20.340000,,,1.622271
20.360000,,,1.795368
20.380000,,,-1.716461
20.420000,,,0.650020
20.420000,,,1.962335
20.440000,,,0.953387
20.460000,,,-0.669458
20.480000,,,-0.205502
20.520000,,,2.060620
20.520000,,,2.564087
20.540000,,,0.966914
20.600000,,,-0.986086
20.600000,,,-1.025637
20.600000,,,-0.686792
20.620000,,,0.460677
20.700000,,,0.099388
20.700000,,,-0.165259
20.700000,,,-0.285381
20.700000,,,-0.092058
20.720000,,,-2.024875
20.740000,,,-0.402964
20.760000,,,0.669115
20.780000,,,-0.308268
20.800000,,,-0.750199
20.820000,,,-0.654069
20.900000,,,-1.437147
20.900000,,,-1.839510
20.900000,,,-1.662644
20.900000,,,-1.554299
20.920000,,,-1.180442
20.940000,,,-0.269112
20.960000,,,0.460283
20.980000,,,-1.494415
21.000000,,,-0.407168
21.020000,,,3.495683
21.040000,,,1.639317
21.060000,,,-1.589643
21.080000,,,0.074851
21.100000,,,1.304038
21.120000,,,0.367149
21.140000,,,-0.559735
21.240000,,,1.380071
21.240000,,,1.962779
21.240000,,,1.787238
21.240000,,,1.485552
21.240000,,,1.649981
21.260000,,,1.230219
21.280000,,,2.254845
21.300000,,,2.339510
21.320000,,,-0.010430
21.340000,,,0.944070
21.360000,,,1.969817
21.420000,,,2.024427
21.420000,,,1.466020
21.420000,,,1.632354
21.460000,,,0.041122
21.480000,,,-0.327848
21.480000,,,-0.136528
21.540000,,,0.757373
21.540000,,,0.767762
21.540000,,,0.716854
21.560000,,,-0.470230
21.580000,,,-1.050933
21.600000,,,-0.880416
21.620000,,,0.449263
21.660000,,,-3.039192
21.660000,,,-4.285029
21.700000,,,-0.901010
21.700000,,,0.728779
21.720000,,,-1.819666
21.760000,,,-0.449850
21.760000,,,0.744868
21.800000,,,0.114124
21.800000,,,-0.662323
21.820000,,,-0.672138
21.840000,,,-0.625874
21.860000,,,-1.126360
21.960000,,,0.155079
21.960000,,,0.564133
21.960000,,,0.509740
21.960000,,,0.243294
21.960000,,,0.375864
22.000000,,,0.203228
22.000000,,,0.153108
22.020000,,,3.375257
22.040000,,,1.350290
22.060000,,,-1.416227
22.080000,,,0.074851
22.100000,,,1.304038
22.120000,,,0.367149
22.140000,,,-0.559735
22.160000,,,-0.879601
22.180000,,,0.304026
22.260000,,,1.295042
22.260000,,,1.405424
22.260000,,,1.092025
22.260000,,,1.119641
22.300000,,,2.033739
22.300000,,,2.282744
22.340000,,,1.774330
22.340000,,,1.512487
22.360000,,,1.767922
22.380000,,,-1.675292
22.400000,,,-1.490644
22.460000,,,-0.285684
22.460000,,,0.326032
22.460000,,,-0.271966
22.500000,,,0.749622
22.520000,,,2.212742
22.520000,,,2.445328
22.600000,,,-0.423352
22.600000,,,-1.265515
22.600000,,,-0.904595
22.600000,,,-0.485055
22.620000,,,0.339635
22.640000,,,-1.659929
22.660000,,,-3.856774
22.680000,,,-0.800133
22.800000,,,0.419015
22.800000,,,-0.019050
22.800000,,,-0.670525
22.800000,,,-0.277030
22.820000,,,-0.627051
22.820000,,,-0.717765
22.820000,,,-0.687527
22.860000,,,-1.083007
22.860000,,,-1.242693
22.880000,,,-2.325739
22.900000,,,-1.867925
22.920000,,,-1.138123
22.940000,,,-0.114134
22.980000,,,-1.573307
22.980000,,,-2.064784
23.040000,,,0.004974
23.040000,,,0.893589
23.040000,,,0.561553
23.060000,,,-1.336734
23.080000,,,0.577534
23.100000,,,1.015319
23.120000,,,0.367149
23.160000,,,-1.120310
23.160000,,,-1.042349
23.180000,,,0.358275
23.200000,,,1.379807
23.220000,,,1.401516
23.240000,,,1.527425
23.260000,,,1.237388
23.280000,,,2.272995
23.300000,,,2.303919
23.360000,,,1.918267
23.360000,,,1.635279
23.360000,,,1.821278
23.380000,,,-1.709167
23.400000,,,-1.499113
23.440000,,,0.089315
23.460000,,,0.431215
23.460000,,,-0.307027
23.500000,,,0.691187
23.500000,,,1.119444
23.520000,,,2.117740
23.540000,,,0.936613
23.560000,,,-0.553023
23.580000,,,-1.247251
23.620000,,,0.326680
23.620000,,,0.761770
23.640000,,,-1.721931
23.720000,,,-2.744549
23.720000,,,-2.435890
23.720000,,,-2.051362
23.720000,,,-2.255755
23.740000,,,-0.099847
23.760000,,,0.790362
23.780000,,,-0.490138
23.800000,,,-0.750199
23.820000,,,-0.654069
23.840000,,,-0.553673
23.860000,,,-1.169681
23.940000,,,-0.392483
23.940000,,,-0.142399
23.940000,,,-0.143802
23.940000,,,-0.321931
23.960000,,,0.305210
24.040000,,,0.513563
24.040000,,,0.474910
24.040000,,,0.381815
24.040000,,,0.426840
24.060000,,,-1.141832
24.080000,,,0.577534
24.100000,,,1.015319
24.120000,,,0.367149
24.140000,,,-0.559735
24.160000,,,-0.879601
24.180000,,,0.304026
24.200000,,,1.289392
24.220000,,,1.455765
24.240000,,,1.527425
24.260000,,,1.237388
24.280000,,,2.272995
24.300000,,,2.303919
24.360000,,,1.918267
24.360000,,,1.635279
24.360000,,,1.821278
24.380000,,,-1.709167
24.420000,,,0.641551
24.420000,,,1.975038
24.480000,,,0.707902
24.480000,,,-0.623917
24.480000,,,-0.147833
24.500000,,,0.960551
24.520000,,,2.193902
24.540000,,,1.087414
24.560000,,,-0.636721
24.580000,,,-1.247251
24.600000,,,-0.749734
24.660000,,,-3.284238
24.680000,,,-0.703931
24.680000,,,0.488124
24.680000,,,0.601379
24.720000,,,-2.324998
24.720000,,,-2.608942
24.760000,,,0.024452
24.760000,,,1.071059
24.780000,,,-0.515389
24.820000,,,-1.104741
24.820000,,,-0.719531
24.840000,,,-0.523436
24.860000,,,-1.119284
24.880000,,,-2.371236
24.900000,,,-1.943754
24.980000,,,-1.731017
24.980000,,,-1.716516
24.980000,,,-1.922927
24.980000,,,-1.824685
25.000000,,,-0.050269
25.020000,,,3.675422
25.040000,,,1.449194
25.060000,,,-1.589643
25.080000,,,0.074851
25.100000,,,1.304038
25.120000,,,0.367149
25.140000,,,-0.559735
25.160000,,,-0.879601
25.180000,,,0.304026
25.200000,,,1.289392
25.220000,,,1.455765
25.280000,,,2.254156
25.300000,,,2.306057
25.300000,,,2.162862
25.300000,,,2.019854
25.340000,,,1.746945
25.340000,,,1.595489
25.360000,,,1.767922
25.400000,,,-0.406145
25.400000,,,-1.122182
25.420000,,,1.218032
25.460000,,,0.593551
25.460000,,,-0.306552
25.480000,,,-0.377602
25.500000,,,0.990696
25.520000,,,2.201438
25.560000,,,-0.007287
25.560000,,,-0.951256
25.580000,,,-1.142406
25.620000,,,0.501421
25.620000,,,0.656925
25.640000,,,-1.721931
25.740000,,,-0.577027
25.740000,,,0.360912
25.740000,,,0.535680
25.740000,,,-0.018313
25.740000,,,0.179833
25.760000,,,0.440761
25.820000,,,-0.494792
25.820000,,,-0.813648
25.820000,,,-0.757865
25.840000,,,-0.545240
25.860000,,,-1.106202
25.880000,,,-2.371236
25.900000,,,-1.943754
25.940000,,,-0.313975
25.940000,,,0.111925
25.980000,,,-1.648660
25.980000,,,-2.190373
26.000000,,,-0.141691
26.020000,,,3.812555
26.040000,,,1.449194
26.060000,,,-1.589643
26.080000,,,0.074851
26.100000,,,1.304038
26.120000,,,0.367149
26.140000,,,-0.559735
26.180000,,,0.377352
26.180000,,,0.668948
26.200000,,,1.167751
26.220000,,,1.253031
26.240000,,,1.649066
26.280000,,,2.383880
26.280000,,,2.605848
26.320000,,,-0.029877
26.340000,,,0.956742
26.340000,,,1.791970
26.380000,,,-1.395544
26.380000,,,-2.921033
26.400000,,,-1.147102
26.440000,,,0.649182
26.440000,,,0.449968
26.460000,,,-0.201844
26.480000,,,-0.208753
26.500000,,,0.809915
26.520000,,,2.236499
26.560000,,,-0.007287
26.560000,,,-0.951256
26.580000,,,-1.142406
26.660000,,,-3.232079
26.660000,,,-4.160495
26.660000,,,-3.865974
26.660000,,,-3.495160
26.720000,,,-2.435294
26.740000,,,0.110060
26.740000,,,0.613396
26.740000,,,0.193729
26.760000,,,0.231001
26.780000,,,-0.629978
26.800000,,,-0.540438
26.820000,,,-0.654069
26.840000,,,-0.553673
26.860000,,,-1.169681
26.900000,,,-1.628140
26.900000,,,-1.736795
26.960000,,,0.164601
26.960000,,,0.703480
26.960000,,,0.490910
26.980000,,,-1.761310
27.040000,,,-0.145122
27.040000,,,0.629707
27.040000,,,0.751676
27.060000,,,-1.336734
27.080000,,,0.577534
27.100000,,,1.015319
27.120000,,,0.367149
27.140000,,,-0.559735
27.160000,,,-0.879601
27.180000,,,0.304026
27.200000,,,1.289392
27.260000,,,1.403784
27.260000,,,1.092572
27.260000,,,1.120552
27.300000,,,2.033192
27.300000,,,2.282744
27.340000,,,1.774330
27.340000,,,1.512487
27.360000,,,1.767922
27.420000,,,1.734519
27.420000,,,1.639965
27.420000,,,1.632354
27.440000,,,0.403417
27.460000,,,-0.339477
27.480000,,,-0.205502
27.500000,,,0.932261
27.520000,,,2.236499
27.540000,,,1.076110
27.560000,,,-0.636721
27.600000,,,-1.086241
27.600000,,,-0.702989
27.620000,,,0.433681
27.640000,,,-1.643732
27.660000,,,-3.856774
27.680000,,,-0.800133
27.700000,,,0.568739
27.720000,,,-1.705182
27.740000,,,-0.749235
27.780000,,,-0.454303
27.780000,,,-0.641121
27.800000,,,-0.639248
27.820000,,,-0.469151
27.840000,,,-0.664624
27.860000,,,-1.169681
27.880000,,,-2.340999
27.900000,,,-1.943754
27.920000,,,-1.092625
27.940000,,,-0.114134
27.960000,,,0.391297
27.980000,,,-1.494415
28.000000,,,-0.407168
28.020000,,,3.495683
28.040000,,,1.639317
28.060000,,,-1.589643
28.080000,,,0.074851
28.100000,,,1.304038
28.120000,,,0.367149
28.160000,,,-1.120310
28.160000,,,-1.042349
28.180000,,,0.358275
28.200000,,,1.379807
28.220000,,,1.401516
28.240000,,,1.527425
28.260000,,,1.237388
28.280000,,,2.272995
28.300000,,,2.303919
28.320000,,,-0.010430
28.340000,,,0.944070
28.380000,,,-1.580122
28.380000,,,-2.416011
28.400000,,,-1.321047
28.420000,,,1.913423
28.460000,,,0.454710
28.460000,,,-0.429372
28.480000,,,-0.377602
28.500000,,,0.990696
28.560000,,,-0.232337
28.560000,,,-0.713867
28.560000,,,-0.715729
28.580000,,,-0.749861
28.600000,,,-0.810519
28.640000,,,-1.967653
28.640000,,,-2.289009
28.660000,,,-3.648607
28.680000,,,-0.427218
28.700000,,,0.344991
28.720000,,,-1.705182
28.740000,,,-0.749235
28.760000,,,0.692189
28.780000,,,-0.308268
0.020000,0.000000,,3.800000
0.100000,0.481754,,0.721156
0.100000,0.481754,,0.721156
0.100000,0.481754,,0.721156
0.100000,0.481754,,0.721156
0.120000,0.587785,,0.130332
0.140000,0.684547,,-0.326797
0.160000,0.770513,,-0.913112
0.220000,0.951057,,0.938965
0.220000,0.951057,,1.531361
0.220000,0.951057,,1.411051
0.260000,0.998027,,0.999677
0.260000,0.998027,,1.167672
0.300000,0.982287,,2.030385
0.300000,0.982287,,2.287774
0.320000,0.951057,,-0.023102
0.340000,0.904827,,0.990652
0.360000,0.844328,,1.941867
0.380000,0.770513,,-1.385384
0.400000,0.684547,,-1.664589
0.420000,0.587785,,1.340852
0.440000,0.481754,,1.160548
0.460000,0.368125,,-0.324190
0.480000,0.248690,,-0.412663
0.500000,0.125333,,0.932261
0.520000,-0.000000,,2.236499
0.540000,-0.125333,,1.076110
0.560000,-0.248690,,-0.636721
0.600000,-0.481754,,-1.086241
0.600000,-0.481754,,-0.702989
0.620000,-0.587785,,0.433681
0.640000,-0.684547,,-1.643732
0.660000,-0.770513,,-3.856774
0.680000,-0.844328,,-0.800133
0.700000,-0.904827,,0.568739
0.720000,-0.951057,,-1.705182
0.780000,-0.998027,,-1.634800
0.780000,-0.998027,,-0.711403
0.780000,-0.998027,,-0.555421
0.820000,-0.951057,,-0.808872
0.820000,-0.951057,,-0.645564
0.840000,-0.904827,,-0.634387
0.900000,-0.684547,,-1.532621
0.900000,-0.684547,,-1.778379
0.900000,-0.684547,,-1.696794
0.920000,-0.587785,,-1.094944
0.940000,-0.481754,,-0.269112
0.960000,-0.368125,,0.460283
1.040000,0.125333,,0.519572
1.040000,0.125333,,0.399557
1.040000,0.125333,,0.381815
1.040000,0.125333,,0.426840
1.060000,0.248690,,-1.141832
1.080000,0.368125,,0.577534
1.100000,0.481754,,1.015319
1.120000,0.587785,,0.367149
1.140000,0.684547,,-0.559735
1.160000,0.770513,,-0.879601
1.180000,0.844328,,0.304026
1.200000,0.904827,,1.289392
1.220000,0.951057,,1.455765
1.240000,0.982287,,1.527425
1.260000,0.998027,,1.237388
1.280000,0.998027,,2.272995
1.300000,0.982287,,2.303919
1.320000,0.951057,,-0.010430
1.340000,0.904827,,0.944070
1.380000,0.770513,,-1.580122
1.380000,0.770513,,-2.416011
1.420000,0.587785,,0.819617
1.420000,0.587785,,2.534906
1.460000,0.368125,,0.247549
1.460000,0.368125,,-0.774641
1.500000,0.125333,,0.694438
1.500000,0.125333,,1.241790
1.520000,-0.000000,,2.117740
1.540000,-0.125333,,0.936613
1.560000,-0.248690,,-0.553023
1.580000,-0.368125,,-1.247251
1.600000,-0.481754,,-0.749734
1.620000,-0.587785,,0.449263
1.640000,-0.684547,,-1.617762
1.660000,-0.770513,,-3.872356
1.760000,-0.998027,,-0.489442
1.760000,-0.998027,,1.208065
1.760000,-0.998027,,0.852624
1.760000,-0.998027,,0.113474
1.760000,-0.998027,,0.474429
1.780000,-0.998027,,-0.672063
1.800000,-0.982287,,-0.557273
1.820000,-0.951057,,-0.628818
1.840000,-0.904827,,-0.553673
1.860000,-0.844328,,-1.169681
1.880000,-0.770513,,-2.340999
1.940000,-0.481754,,-0.708097
1.940000,-0.481754,,0.044764
1.940000,-0.481754,,-0.007654
1.960000,-0.368125,,0.116644
1.980000,-0.248690,,-1.500424
2.000000,-0.125333,,-0.331814
2.040000,0.125333,,0.512260
2.040000,0.125333,,0.773162
2.060000,0.248690,,-1.300925
2.080000,0.368125,,0.556048
2.100000,0.481754,,1.015319
2.120000,0.587785,,0.367149
2.140000,0.684547,,-0.559735
2.160000,0.770513,,-0.879601
2.180000,0.844328,,0.304026
2.200000,0.904827,,1.289392
2.220000,0.951057,,1.455765
2.280000,0.998027,,2.254156
2.300000,0.982287,,2.306057
2.300000,0.982287,,2.162862
2.300000,0.982287,,2.019854
2.320000,0.951057,,-0.050487
2.340000,0.904827,,1.073653
2.360000,0.844328,,1.941867
2.380000,0.770513,,-1.385384
2.400000,0.684547,,-1.664589
2.420000,0.587785,,1.340852
2.440000,0.481754,,1.160548
2.480000,0.248690,,-0.207379
2.480000,0.248690,,-0.378750
2.500000,0.125333,,0.920957
2.520000,-0.000000,,2.217659
2.540000,-0.125333,,1.087414
2.560000,-0.248690,,-0.636721
2.580000,-0.368125,,-1.247251
2.640000,-0.684547,,-1.985391
2.640000,-0.684547,,-2.221547
2.640000,-0.684547,,-2.169429
2.660000,-0.770513,,-3.449307
2.680000,-0.844328,,-0.546798
2.700000,-0.904827,,0.344991
2.760000,-0.998027,,0.723267
2.760000,-0.998027,,0.216727
2.760000,-0.998027,,0.532931
2.780000,-0.998027,,-0.725204
2.800000,-0.982287,,-0.557273
2.860000,-0.844328,,-1.074695
2.860000,-0.844328,,-1.153258
2.860000,-0.844328,,-1.263023
2.880000,-0.770513,,-2.223586
2.900000,-0.684547,,-1.911075
2.920000,-0.587785,,-1.138123
2.940000,-0.481754,,-0.114134
2.960000,-0.368125,,0.391297
2.980000,-0.248690,,-1.494415
3.000000,-0.125333,,-0.407168
3.020000,0.000000,,3.495683
3.040000,0.125333,,1.639317
3.060000,0.248690,,-1.589643
3.080000,0.368125,,0.074851
3.100000,0.481754,,1.304038
3.120000,0.587785,,0.367149
3.140000,0.684547,,-0.559735
3.200000,0.904827,,0.954658
3.200000,0.904827,,1.413860
3.200000,0.904827,,1.279488
3.220000,0.951057,,1.104048
3.240000,0.982287,,1.611821
3.260000,0.998027,,1.293256
3.280000,0.998027,,2.272995
3.320000,0.951057,,0.081074
3.320000,0.951057,,-0.655771
3.340000,0.904827,,1.159184
3.420000,0.587785,,2.188212
3.420000,0.587785,,1.768631
3.420000,0.587785,,1.479580
3.420000,0.587785,,1.654955
3.460000,0.368125,,0.027561
3.460000,0.368125,,-0.444659
3.500000,0.125333,,0.694438
3.500000,0.125333,,1.241790
3.520000,-0.000000,,2.117740
3.540000,-0.125333,,0.936613
3.560000,-0.248690,,-0.553023
3.580000,-0.368125,,-1.247251
3.600000,-0.481754,,-0.749734
3.620000,-0.587785,,0.449263
3.640000,-0.684547,,-1.617762
3.660000,-0.770513,,-3.872356
3.680000,-0.844328,,-0.800133
3.720000,-0.951057,,-1.310585
3.720000,-0.951057,,-2.250792
3.740000,-0.982287,,-0.567365
3.800000,-0.982287,,0.296457
3.800000,-0.982287,,-0.245386
3.800000,-0.982287,,-0.552607
3.820000,-0.951057,,-0.584672
3.840000,-0.904827,,-0.693505
3.860000,-0.844328,,-1.126360
3.920000,-0.587785,,-1.171134
3.920000,-0.587785,,-1.147109
3.920000,-0.587785,,-1.073159
3.940000,-0.481754,,-0.347049
3.960000,-0.368125,,0.430799
3.980000,-0.248690,,-1.450189
4.000000,-0.125333,,-0.407168
4.040000,0.125333,,0.512260
4.040000,0.125333,,0.773162
4.060000,0.248690,,-1.300925
4.080000,0.368125,,0.556048
4.100000,0.481754,,1.015319
4.120000,0.587785,,0.367149
4.140000,0.684547,,-0.559735
4.160000,0.770513,,-0.879601
4.180000,0.844328,,0.304026
4.200000,0.904827,,1.289392
4.220000,0.951057,,1.455765
4.240000,0.982287,,1.527425
4.340000,0.904827,,1.669659
4.340000,0.904827,,1.684271
4.340000,0.904827,,1.629319
4.340000,0.904827,,1.662893
4.340000,0.904827,,1.664103
4.380000,0.770513,,-1.754570
4.380000,0.770513,,-2.747088
4.400000,0.684547,,-1.147102
4.420000,0.587785,,1.913423
4.440000,0.481754,,0.817005
4.460000,0.368125,,-0.324190
4.480000,0.248690,,-0.412663
4.500000,0.125333,,0.932261
4.560000,-0.248690,,-0.197276
4.560000,-0.248690,,-0.713867
4.560000,-0.248690,,-0.715729
4.580000,-0.368125,,-0.749861
4.620000,-0.587785,,0.265894
4.620000,-0.587785,,0.656925
4.660000,-0.770513,,-3.143361
4.660000,-0.770513,,-4.458644
4.680000,-0.844328,,-0.558406
4.700000,-0.904827,,0.798002
4.720000,-0.951057,,-1.842740
4.740000,-0.982287,,-0.749235
4.760000,-0.998027,,0.692189
4.800000,-0.982287,,0.139376
4.800000,-0.982287,,-0.620238
4.820000,-0.951057,,-0.697389
4.880000,-0.770513,,-2.222206
4.880000,-0.770513,,-2.716007
4.880000,-0.770513,,-2.513475
4.900000,-0.684547,,-1.577294
4.960000,-0.368125,,0.260748
4.960000,-0.368125,,0.709470
4.960000,-0.368125,,0.421924
4.980000,-0.248690,,-1.761310
5.000000,-0.125333,,-0.367141
5.020000,-0.000000,,3.548673
5.040000,0.125333,,1.639317
5.060000,0.248690,,-1.589643
5.080000,0.368125,,0.074851
5.100000,0.481754,,1.304038
5.120000,0.587785,,0.367149
5.140000,0.684547,,-0.559735
5.180000,0.844328,,0.377352
5.180000,0.844328,,0.668948
5.220000,0.951057,,1.225383
5.220000,0.951057,,1.269763
5.260000,0.998027,,1.223727
5.260000,0.998027,,1.106226
5.280000,0.998027,,2.319195
5.300000,0.982287,,2.371622
5.320000,0.951057,,-0.051052
5.340000,0.904827,,0.944070
5.420000,0.587785,,1.829689
5.420000,0.587785,,1.983745
5.420000,0.587785,,1.479580
5.420000,0.587785,,1.654955
5.440000,0.481754,,0.389856
5.460000,0.368125,,-0.339477
5.520000,0.000000,,1.787737
5.520000,0.000000,,2.639303
5.520000,0.000000,,2.371193
5.540000,-0.125333,,0.645423
5.560000,-0.248690,,-0.625821
5.580000,-0.368125,,-1.138055
5.600000,-0.481754,,-0.749734
5.620000,-0.587785,,0.449263
5.640000,-0.684547,,-1.617762
5.680000,-0.844328,,-0.453175
5.700000,-0.904827,,-0.045902
5.700000,-0.904827,,0.168628
5.760000,-0.998027,,0.194861
5.760000,-0.998027,,0.586072
5.780000,-0.998027,,-0.636636
5.780000,-0.998027,,-1.058057
5.800000,-0.982287,,-0.446322
5.880000,-0.770513,,-2.015972
5.900000,-0.684547,,-2.004506
5.900000,-0.684547,,-1.687374
5.900000,-0.684547,,-1.409084
5.900000,-0.684547,,-1.706435
5.920000,-0.587785,,-1.180442
5.940000,-0.481754,,-0.269112
5.960000,-0.368125,,0.460283
6.020000,-0.000000,,3.502996
6.020000,-0.000000,,4.249136
6.020000,-0.000000,,3.942675
6.040000,0.125333,,0.523079
6.060000,0.248690,,-1.623030
6.080000,0.368125,,0.385055
6.100000,0.481754,,1.304038
6.120000,0.587785,,0.367149
6.140000,0.684547,,-0.559735
6.160000,0.770513,,-0.879601
6.180000,0.844328,,0.304026
6.200000,0.904827,,1.289392
6.220000,0.951057,,1.455765
6.260000,0.998027,,1.107664
6.260000,0.998027,,1.115521
6.280000,0.998027,,2.313617
6.300000,0.982287,,2.371622
6.340000,0.904827,,1.746380
6.340000,0.904827,,1.465905
6.360000,0.844328,,1.795871
6.400000,0.684547,,-0.406145
6.400000,0.684547,,-1.122182
6.440000,0.481754,,-0.046209
6.440000,0.481754,,0.588809
6.460000,0.368125,,-0.079023
6.480000,0.248690,,-0.208753
6.500000,0.125333,,0.809915
6.520000,0.000000,,2.236499
6.540000,-0.125333,,1.076110
6.560000,-0.248690,,-0.636721
6.580000,-0.368125,,-1.247251
6.600000,-0.481754,,-0.749734
6.620000,-0.587785,,0.449263
6.640000,-0.684547,,-1.617762
6.660000,-0.770513,,-3.872356
6.680000,-0.844328,,-0.800133
6.700000,-0.904827,,0.568739
6.720000,-0.951057,,-1.705182
6.760000,-0.998027,,-0.488307
6.760000,-0.998027,,0.767942
6.780000,-0.998027,,-0.333519
6.800000,-0.982287,,-0.792284
6.820000,-0.951057,,-0.628818
6.840000,-0.904827,,-0.553673
6.860000,-0.844328,,-1.169681
6.880000,-0.770513,,-2.340999
6.900000,-0.684547,,-1.943754
6.960000,-0.368125,,0.233587
6.960000,-0.368125,,0.818457
6.960000,-0.368125,,0.421924
7.020000,-0.000000,,3.236101
7.020000,-0.000000,,4.289162
7.020000,-0.000000,,3.995665
7.060000,0.248690,,-1.050372
7.060000,0.248690,,-2.079838
7.080000,0.368125,,0.537324
7.100000,0.481754,,1.557820
7.120000,0.587785,,0.214880
7.140000,0.684547,,-0.559735
7.160000,0.770513,,-0.879601
7.180000,0.844328,,0.304026
7.200000,0.904827,,1.289392
7.220000,0.951057,,1.455765
7.240000,0.982287,,1.527425
7.260000,0.998027,,1.237388
7.280000,0.998027,,2.272995
7.300000,0.982287,,2.303919
7.320000,0.951057,,-0.010430
7.340000,0.904827,,0.944070
7.360000,0.844328,,1.969817
7.380000,0.770513,,-1.385384
7.420000,0.587785,,0.476075
7.420000,0.587785,,1.962335
7.440000,0.481754,,0.953387
7.500000,0.125333,,0.312233
7.500000,0.125333,,0.944385
7.520000,0.000000,,2.216712
7.520000,0.000000,,2.322052
7.540000,-0.125333,,0.922419
7.560000,-0.248690,,-0.735017
7.580000,-0.368125,,-1.138055
7.620000,-0.587785,,0.326680
7.620000,-0.587785,,0.761770
7.640000,-0.684547,,-1.721931
7.660000,-0.770513,,-4.045971
7.720000,-0.951057,,-2.813723
7.720000,-0.951057,,-1.925418
7.720000,-0.951057,,-2.045848
7.740000,-0.982287,,-0.225791
7.760000,-0.998027,,0.790362
7.800000,-0.982287,,-0.042495
7.800000,-0.982287,,-0.620238
7.820000,-0.951057,,-0.697389
7.840000,-0.904827,,-0.625874
7.860000,-0.844328,,-1.126360
7.920000,-0.587785,,-1.171134
7.920000,-0.587785,,-1.147109
7.920000,-0.587785,,-1.073159
7.960000,-0.368125,,0.200513
7.960000,-0.368125,,0.589769
7.980000,-0.248690,,-1.503179
8.020000,-0.000000,,2.709958
8.020000,-0.000000,,4.479285
8.040000,0.125333,,1.329113
8.060000,0.248690,,-2.106650
8.080000,0.368125,,0.385055
8.100000,0.481754,,1.304038
8.120000,0.587785,,0.367149
8.140000,0.684547,,-0.559735
8.180000,0.844328,,0.377352
8.180000,0.844328,,0.668948
8.200000,0.904827,,1.167751
8.220000,0.951057,,1.253031
8.240000,0.982287,,1.649066
8.300000,0.982287,,2.095071
8.300000,0.982287,,2.233191
8.300000,0.982287,,2.137069
8.320000,0.951057,,-0.120816
8.360000,0.844328,,1.204918
8.360000,0.844328,,1.979976
8.380000,0.770513,,-1.398087
8.400000,0.684547,,-1.685761
8.420000,0.587785,,1.353555
8.440000,0.481754,,1.160548
8.460000,0.368125,,-0.324190
8.480000,0.248690,,-0.412663
8.500000,0.125333,,0.932261
8.520000,0.000000,,2.236499
8.600000,-0.481754,,-0.174659
8.600000,-0.481754,,-1.167219
8.600000,-0.481754,,-1.013791
8.620000,-0.587785,,0.591358
8.620000,-0.587785,,0.652142
8.640000,-0.684547,,-1.764098
8.660000,-0.770513,,-4.030389
8.680000,-0.844328,,-0.695964
8.700000,-0.904827,,0.568739
8.720000,-0.951057,,-1.705182
8.740000,-0.982287,,-0.749235
8.800000,-0.982287,,-0.006660
8.800000,-0.982287,,-0.063516
8.800000,-0.982287,,-0.552607
8.820000,-0.951057,,-0.584672
8.860000,-0.844328,,-1.163641
8.860000,-0.844328,,-1.262852
8.920000,-0.587785,,-1.125637
8.920000,-0.587785,,-1.071281
8.920000,-0.587785,,-1.118656
8.940000,-0.481754,,-0.347049
8.960000,-0.368125,,0.430799
8.980000,-0.248690,,-1.450189
9.040000,0.125333,,-0.185149
9.040000,0.125333,,0.576717
9.040000,0.125333,,0.751676
9.060000,0.248690,,-1.336734
9.080000,0.368125,,0.577534
9.100000,0.481754,,1.015319
9.120000,0.587785,,0.367149
9.140000,0.684547,,-0.559735
9.160000,0.770513,,-0.879601
9.180000,0.844328,,0.304026
9.220000,0.951057,,1.347024
9.220000,0.951057,,1.472497
9.240000,0.982287,,1.521848
9.260000,0.998027,,1.228092
9.280000,0.998027,,2.278573
9.300000,0.982287,,2.303919
9.340000,0.904827,,1.787003
9.360000,0.844328,,1.597169
9.360000,0.844328,,1.833981
9.400000,0.684547,,-0.418848
9.400000,0.684547,,-1.143354
9.420000,0.587785,,1.230735
9.480000,0.248690,,0.710362
9.480000,0.248690,,-0.155828
9.480000,0.248690,,-0.354994
9.500000,0.125333,,0.960551
9.520000,0.000000,,2.193902
9.540000,-0.125333,,1.087414
9.560000,-0.248690,,-0.636721
9.800000,-0.982287,,-0.712306
9.800000,-0.982287,,-0.220492
9.800000,-0.982287,,-0.196422
9.800000,-0.982287,,-0.334584
9.800000,-0.982287,,-0.314594
9.800000,-0.982287,,-0.314594
9.800000,-0.982287,,-0.314594
9.800000,-0.982287,,-0.314594
9.800000,-0.982287,,-0.314594
9.800000,-0.982287,,-0.314594
9.800000,-0.982287,,-0.314594
9.800000,-0.982287,,-0.314594
9.820000,-0.951057,,-0.627051
9.840000,-0.904827,,-0.693505
9.860000,-0.844328,,-1.126360
9.900000,-0.684547,,-1.628140
9.900000,-0.684547,,-1.736795
9.920000,-0.587785,,-1.161612
9.940000,-0.481754,,-0.229112
10.000000,-0.125333,,0.287648
10.000000,-0.125333,,0.247433
10.000000,-0.125333,,0.129788
10.020000,-0.000000,,3.350111
10.040000,0.125333,,1.333583
10.060000,0.248690,,-1.416227
10.080000,0.368125,,0.074851
10.100000,0.481754,,1.304038
10.120000,0.587785,,0.367149
10.140000,0.684547,,-0.559735
10.160000,0.770513,,-0.879601
10.180000,0.844328,,0.304026
10.200000,0.904827,,1.289392
10.220000,0.951057,,1.455765
10.240000,0.982287,,1.527425
10.260000,0.998027,,1.237388
10.280000,0.998027,,2.272995
10.300000,0.982287,,2.303919
10.340000,0.904827,,1.787003
10.340000,0.904827,,1.465905
10.400000,0.684547,,-0.484920
10.400000,0.684547,,-1.068310
10.400000,0.684547,,-0.901460
10.420000,0.587785,,1.585901
10.440000,0.481754,,0.735125
10.460000,0.368125,,-0.201369
10.540000,-0.125333,,0.230198
10.540000,-0.125333,,0.896879
10.540000,-0.125333,,0.759451
10.540000,-0.125333,,0.601863
10.560000,-0.248690,,-0.408018
10.580000,-0.368125,,-1.050933
10.600000,-0.481754,,-0.880416
10.620000,-0.587785,,0.449263
10.660000,-0.770513,,-3.039192
10.660000,-0.770513,,-4.285029
10.720000,-0.951057,,-2.780334
10.720000,-0.951057,,-1.696155
10.740000,-0.982287,,-0.015884
10.740000,-0.982287,,0.403489
10.780000,-0.998027,,-0.565891
10.780000,-0.998027,,-1.172591
10.800000,-0.982287,,-0.429488
10.840000,-0.904827,,-0.444891
10.840000,-0.904827,,-0.657581
10.860000,-0.844328,,-1.172028
10.880000,-0.770513,,-2.344912
10.900000,-0.684547,,-1.941406
10.980000,-0.248690,,-1.731017
10.980000,-0.248690,,-1.716516
10.980000,-0.248690,,-1.922927
10.980000,-0.248690,,-1.824685
11.000000,-0.125333,,-0.050269
11.020000,-0.000000,,3.675422
11.040000,0.125333,,1.449194
11.060000,0.248690,,-1.589643
11.080000,0.368125,,0.074851
11.100000,0.481754,,1.304038
11.120000,0.587785,,0.367149
11.140000,0.684547,,-0.559735
11.160000,0.770513,,-0.879601
11.180000,0.844328,,0.304026
11.200000,0.904827,,1.289392
11.220000,0.951057,,1.455765
11.240000,0.982287,,1.527425
11.260000,0.998027,,1.237388
11.280000,0.998027,,2.272995
11.300000,0.982287,,2.303919
11.360000,0.844328,,1.918267
11.360000,0.844328,,1.635279
11.360000,0.844328,,1.821278
11.380000,0.770513,,-1.709167
11.400000,0.684547,,-1.499113
11.420000,0.587785,,1.353555
11.460000,0.368125,,0.798252
11.460000,0.368125,,-0.429372
11.500000,0.125333,,0.487277
11.500000,0.125333,,1.241790
11.520000,0.000000,,2.117740
11.540000,-0.125333,,0.936613
11.560000,-0.248690,,-0.553023
11.580000,-0.368125,,-1.247251
11.600000,-0.481754,,-0.749734
11.620000,-0.587785,,0.449263
11.640000,-0.684547,,-1.617762
11.660000,-0.770513,,-3.872356
11.700000,-0.904827,,-1.038567
11.700000,-0.904827,,0.499517
11.720000,-0.951057,,-1.682108
11.740000,-0.982287,,-0.710778
11.780000,-0.998027,,-0.477378
11.780000,-0.998027,,-0.641121
11.800000,-0.982287,,-0.639248
11.840000,-0.904827,,-0.444891
11.840000,-0.904827,,-0.657581
11.860000,-0.844328,,-1.172028
11.880000,-0.770513,,-2.344912
11.900000,-0.684547,,-1.941406
11.940000,-0.481754,,-0.313975
11.940000,-0.481754,,0.111925
11.960000,-0.368125,,0.315944
12.020000,-0.000000,,3.377407
12.020000,-0.000000,,4.324489
12.020000,-0.000000,,3.942675
12.040000,0.125333,,0.523079
12.060000,0.248690,,-1.623030
12.080000,0.368125,,0.385055
12.100000,0.481754,,1.304038
12.120000,0.587785,,0.367149
12.140000,0.684547,,-0.559735
12.160000,0.770513,,-0.879601
12.180000,0.844328,,0.304026
12.200000,0.904827,,1.289392
12.220000,0.951057,,1.455765
12.240000,0.982287,,1.527425
12.260000,0.998027,,1.237388
12.280000,0.998027,,2.272995
12.300000,0.982287,,2.303919
12.320000,0.951057,,-0.010430
12.360000,0.844328,,1.075334
12.360000,0.844328,,2.007926
12.380000,0.770513,,-1.398087
12.400000,0.684547,,-1.685761
12.420000,0.587785,,1.353555
12.440000,0.481754,,1.160548
12.500000,0.125333,,0.657501
12.500000,0.125333,,0.737224
12.500000,0.125333,,1.088353
12.520000,0.000000,,1.994464
12.540000,-0.125333,,1.031615
12.560000,-0.248690,,-0.553023
12.580000,-0.368125,,-1.247251
12.600000,-0.481754,,-0.749734
12.620000,-0.587785,,0.449263
12.640000,-0.684547,,-1.617762
12.700000,-0.904827,,-0.691609
12.700000,-0.904827,,-0.115125
12.720000,-0.951057,,-1.687622
12.720000,-0.951057,,-2.740742
12.760000,-0.998027,,0.039834
12.760000,-0.998027,,1.047985
12.800000,-0.982287,,-0.067746
12.800000,-0.982287,,-0.662323
12.820000,-0.951057,,-0.672138
12.840000,-0.904827,,-0.625874
12.860000,-0.844328,,-1.126360
12.880000,-0.770513,,-2.340999
12.900000,-0.684547,,-1.943754
12.920000,-0.587785,,-1.092625
12.960000,-0.368125,,0.433428
12.960000,-0.368125,,0.550267
12.980000,-0.248690,,-1.547405
13.000000,-0.125333,,-0.495484
13.040000,0.125333,,0.565250
13.040000,0.125333,,0.773162
13.060000,0.248690,,-1.300925
13.080000,0.368125,,0.556048
13.120000,0.587785,,0.424496
13.120000,0.587785,,0.195620
13.140000,0.684547,,-0.502558
13.160000,0.770513,,-0.784307
13.180000,0.844328,,0.246850
13.200000,0.904827,,1.289392
13.220000,0.951057,,1.455765
13.240000,0.982287,,1.527425
13.280000,0.998027,,2.383880
13.280000,0.998027,,2.605848
13.300000,0.982287,,2.192968
13.320000,0.951057,,-0.195348
13.360000,0.844328,,1.186285
13.360000,0.844328,,2.007926
13.380000,0.770513,,-1.398087
13.400000,0.684547,,-1.685761
13.420000,0.587785,,1.353555
13.440000,0.481754,,1.160548
13.460000,0.368125,,-0.324190
13.480000,0.248690,,-0.412663
13.500000,0.125333,,0.932261
13.520000,0.000000,,2.236499
13.540000,-0.125333,,1.076110
13.560000,-0.248690,,-0.636721
13.700000,-0.904827,,-0.562582
13.700000,-0.904827,,-0.027300
13.720000,-0.951057,,-1.897044
13.720000,-0.951057,,-2.604965
13.720000,-0.951057,,-2.388615
13.720000,-0.951057,,-2.085498
13.720000,-0.951057,,-2.267368
13.720000,-0.951057,,-2.267368
13.740000,-0.982287,,-0.099847
13.760000,-0.998027,,0.790362
13.800000,-0.982287,,-0.042495
13.800000,-0.982287,,-0.620238
13.820000,-0.951057,,-0.697389
13.840000,-0.904827,,-0.625874
13.900000,-0.684547,,-1.539697
13.900000,-0.684547,,-1.748141
13.900000,-0.684547,,-1.696794
13.940000,-0.481754,,-0.316294
13.940000,-0.481754,,-0.043052
13.960000,-0.368125,,0.384930
13.980000,-0.248690,,-1.620004
14.000000,-0.125333,,-0.331814
14.040000,0.125333,,0.512260
14.060000,0.248690,,-0.800289
14.060000,0.248690,,-1.757733
14.080000,0.368125,,0.708317
14.100000,0.481754,,1.269102
14.120000,0.587785,,0.214880
14.140000,0.684547,,-0.559735
14.160000,0.770513,,-0.879601
14.180000,0.844328,,0.304026
14.220000,0.951057,,1.347024
14.220000,0.951057,,1.472497
14.240000,0.982287,,1.521848
14.280000,0.998027,,2.374585
14.280000,0.998027,,2.611425
14.300000,0.982287,,2.192968
14.320000,0.951057,,-0.195348
14.340000,0.904827,,1.055021
14.400000,0.684547,,-0.310975
14.400000,0.684547,,-0.778402
14.400000,0.684547,,-1.075405
14.460000,0.368125,,-0.040635
14.460000,0.368125,,-0.099391
14.460000,0.368125,,-0.149145
14.480000,0.248690,,-0.115258
14.540000,-0.125333,,0.611270
14.560000,-0.248690,,-0.296794
14.560000,-0.248690,,-0.692382
14.560000,-0.248690,,-0.679920
14.580000,-0.368125,,-0.771347
14.600000,-0.481754,,-0.810519
14.620000,-0.587785,,0.344418
14.640000,-0.684547,,-1.617762
14.660000,-0.770513,,-3.872356
14.680000,-0.844328,,-0.800133
14.700000,-0.904827,,0.568739
14.760000,-0.998027,,0.723267
14.760000,-0.998027,,0.216727
14.760000,-0.998027,,0.532931
14.780000,-0.998027,,-0.725204
14.800000,-0.982287,,-0.557273
14.840000,-0.904827,,-0.604558
14.840000,-0.904827,,-0.546630
14.860000,-0.844328,,-1.172028
14.880000,-0.770513,,-2.344912
14.900000,-0.684547,,-1.941406
14.920000,-0.587785,,-1.092625
14.940000,-0.481754,,-0.114134
14.960000,-0.368125,,0.391297
15.040000,0.125333,,0.519572
15.060000,0.248690,,-1.173894
15.060000,0.248690,,-1.648445
15.060000,0.248690,,-1.451150
15.060000,0.248690,,-1.192589
15.080000,0.368125,,0.831316
15.100000,0.481754,,1.116832
15.120000,0.587785,,0.214880
15.140000,0.684547,,-0.559735
15.160000,0.770513,,-0.879601
15.180000,0.844328,,0.304026
15.200000,0.904827,,1.289392
15.220000,0.951057,,1.455765
15.240000,0.982287,,1.527425
15.260000,0.998027,,1.237388
15.280000,0.998027,,2.272995
15.300000,0.982287,,2.303919
15.320000,0.951057,,-0.010430
15.340000,0.904827,,0.944070
15.360000,0.844328,,1.969817
15.380000,0.770513,,-1.385384
15.400000,0.684547,,-1.664589
15.420000,0.587785,,1.340852
15.460000,0.368125,,0.798252
15.460000,0.368125,,-0.429372
15.480000,0.248690,,-0.377602
15.520000,0.000000,,2.119055
15.520000,0.000000,,2.529026
15.540000,-0.125333,,0.966914
15.560000,-0.248690,,-0.818715
15.580000,-0.368125,,-1.138055
15.600000,-0.481754,,-0.749734
15.620000,-0.587785,,0.449263
15.640000,-0.684547,,-1.617762
15.660000,-0.770513,,-3.872356
15.740000,-0.982287,,-0.750370
15.740000,-0.982287,,0.871384
15.740000,-0.982287,,0.541194
15.740000,-0.982287,,-0.155871
15.760000,-0.998027,,0.440761
15.800000,-0.982287,,-0.182335
15.800000,-0.982287,,-0.410478
15.820000,-0.951057,,-0.697389
15.840000,-0.904827,,-0.625874
15.860000,-0.844328,,-1.126360
15.880000,-0.770513,,-2.340999
15.900000,-0.684547,,-1.943754
15.920000,-0.587785,,-1.092625
15.980000,-0.248690,,-1.531177
15.980000,-0.248690,,-1.984706
15.980000,-0.248690,,-1.927651
16.040000,0.125333,,0.233529
16.040000,0.125333,,0.756456
16.040000,0.125333,,0.561553
16.060000,0.248690,,-1.336734
16.080000,0.368125,,0.577534
16.100000,0.481754,,1.015319
16.120000,0.587785,,0.367149
16.140000,0.684547,,-0.559735
16.160000,0.770513,,-0.879601
16.180000,0.844328,,0.304026
16.220000,0.951057,,1.347024
16.220000,0.951057,,1.472497
16.260000,0.998027,,1.102086
16.260000,0.998027,,1.106226
16.320000,0.951057,,-0.192459
16.320000,0.951057,,-0.580412
16.320000,0.951057,,-0.453330
16.340000,0.904827,,1.564289
16.360000,0.844328,,2.085277
16.380000,0.770513,,-1.600498
16.400000,0.684547,,-1.664589
16.420000,0.587785,,1.340852
16.460000,0.368125,,0.798252
16.460000,0.368125,,-0.429372
16.480000,0.248690,,-0.377602
16.500000,0.125333,,0.990696
16.520000,0.000000,,2.201438
16.540000,-0.125333,,1.076110
16.580000,-0.368125,,-0.965102
16.580000,-0.368125,,-1.342587
16.620000,-0.587785,,0.358458
16.620000,-0.587785,,0.814735
16.660000,-0.770513,,-3.175140
16.660000,-0.770513,,-4.458644
16.680000,-0.844328,,-0.558406
16.700000,-0.904827,,0.798002
16.720000,-0.951057,,-1.842740
16.740000,-0.982287,,-0.749235
16.840000,-0.904827,,-0.294857
16.840000,-0.904827,,-0.435384
16.840000,-0.904827,,-0.896584
16.840000,-0.904827,,-0.569708
16.840000,-0.904827,,-0.639978
16.860000,-0.844328,,-1.110115
16.880000,-0.770513,,-2.372802
16.900000,-0.684547,,-1.941406
16.960000,-0.368125,,0.233587
16.960000,-0.368125,,0.818457
16.980000,-0.248690,,-1.542681
16.980000,-0.248690,,-2.331679
17.000000,-0.125333,,-0.177018
17.020000,-0.000000,,3.865545
17.040000,0.125333,,1.449194
17.060000,0.248690,,-1.589643
17.080000,0.368125,,0.074851
17.100000,0.481754,,1.304038
17.120000,0.587785,,0.367149
17.140000,0.684547,,-0.559735
17.180000,0.844328,,0.377352
17.180000,0.844328,,0.668948
17.200000,0.904827,,1.167751
17.220000,0.951057,,1.253031
17.260000,0.998027,,1.229304
17.260000,0.998027,,1.115521
17.280000,0.998027,,2.313617
17.300000,0.982287,,2.371622
17.320000,0.951057,,-0.051052
17.360000,0.844328,,1.075334
17.360000,0.844328,,2.007926
17.420000,0.587785,,2.011724
17.420000,0.587785,,1.444848
17.440000,0.481754,,0.380816
17.440000,0.481754,,0.036379
17.520000,0.000000,,1.892919
17.520000,0.000000,,2.604242
17.520000,0.000000,,2.312758
17.520000,0.000000,,2.030862
17.540000,-0.125333,,0.849622
17.560000,-0.248690,,-0.625821
17.580000,-0.368125,,-1.138055
17.600000,-0.481754,,-0.749734
17.620000,-0.587785,,0.449263
17.640000,-0.684547,,-1.617762
17.660000,-0.770513,,-3.872356
17.680000,-0.844328,,-0.800133
17.760000,-0.998027,,1.117865
17.760000,-0.998027,,0.882691
17.760000,-0.998027,,0.163586
17.760000,-0.998027,,0.444363
17.780000,-0.998027,,-0.672063
17.800000,-0.982287,,-0.557273
17.840000,-0.904827,,-0.604558
17.840000,-0.904827,,-0.546630
17.860000,-0.844328,,-1.172028
17.880000,-0.770513,,-2.344912
17.900000,-0.684547,,-1.941406
17.980000,-0.248690,,-1.731017
17.980000,-0.248690,,-1.716516
17.980000,-0.248690,,-1.922927
17.980000,-0.248690,,-1.824685
18.000000,-0.125333,,-0.050269
18.040000,0.125333,,0.691998
18.040000,0.125333,,0.583039
18.060000,0.248690,,-1.300925
18.080000,0.368125,,0.556048
18.100000,0.481754,,1.015319
18.120000,0.587785,,0.367149
18.140000,0.684547,,-0.559735
18.180000,0.844328,,0.377352
18.180000,0.844328,,0.668948
18.200000,0.904827,,1.167751
18.260000,0.998027,,1.201049
18.260000,0.998027,,1.214213
18.260000,0.998027,,1.120552
18.280000,0.998027,,2.322002
18.300000,0.982287,,2.366592
18.320000,0.951057,,-0.051052
18.340000,0.904827,,0.944070
18.360000,0.844328,,1.969817
18.380000,0.770513,,-1.385384
18.400000,0.684547,,-1.664589
18.420000,0.587785,,1.340852
18.440000,0.481754,,1.160548
18.460000,0.368125,,-0.324190
18.500000,0.125333,,0.452217
18.500000,0.125333,,1.183355
18.520000,0.000000,,2.152801
18.540000,-0.125333,,0.936613
18.620000,-0.587785,,0.356019
18.620000,-0.587785,,0.254088
18.620000,-0.587785,,0.597960
18.620000,-0.587785,,0.495400
18.640000,-0.684547,,-1.833544
18.660000,-0.770513,,-3.926220
18.680000,-0.844328,,-0.695964
18.700000,-0.904827,,0.568739
18.740000,-0.982287,,0.462339
18.740000,-0.982287,,-0.119955
18.760000,-0.998027,,0.482429
18.780000,-0.998027,,-0.657868
18.800000,-0.982287,,-0.540438
18.820000,-0.951057,,-0.654069
18.860000,-0.844328,,-1.023810
18.880000,-0.770513,,-2.432368
18.880000,-0.770513,,-2.622462
18.900000,-0.684547,,-1.758939
18.920000,-0.587785,,-0.956478
18.940000,-0.481754,,-0.223121
18.960000,-0.368125,,0.391297
18.980000,-0.248690,,-1.494415
19.000000,-0.125333,,-0.407168
19.020000,-0.000000,,3.495683
19.040000,0.125333,,1.639317
19.060000,0.248690,,-1.589643
19.080000,0.368125,,0.074851
19.100000,0.481754,,1.304038
19.120000,0.587785,,0.367149
19.140000,0.684547,,-0.559735
19.200000,0.904827,,0.954658
19.200000,0.904827,,1.413860
19.200000,0.904827,,1.279488
19.220000,0.951057,,1.104048
19.260000,0.998027,,1.192059
19.260000,0.998027,,1.171390
19.280000,0.998027,,2.313617
19.300000,0.982287,,2.371622
19.320000,0.951057,,-0.051052
19.340000,0.904827,,0.944070
19.360000,0.844328,,1.969817
19.380000,0.770513,,-1.385384
19.400000,0.684547,,-1.664589
19.440000,0.481754,,0.076612
19.440000,0.481754,,0.793510
19.460000,0.368125,,-0.201844
19.520000,0.000000,,1.784486
19.520000,0.000000,,2.516957
19.520000,0.000000,,2.371193
19.540000,-0.125333,,0.645423
19.560000,-0.248690,,-0.625821
19.580000,-0.368125,,-1.138055
19.600000,-0.481754,,-0.749734
19.620000,-0.587785,,0.449263
19.640000,-0.684547,,-1.617762
19.660000,-0.770513,,-3.872356
19.680000,-0.844328,,-0.800133
19.700000,-0.904827,,0.568739
19.740000,-0.982287,,0.462339
19.740000,-0.982287,,-0.119955
19.780000,-0.998027,,-0.664064
19.780000,-0.998027,,-0.990721
19.800000,-0.982287,,-0.429488
19.840000,-0.904827,,-0.444891
19.840000,-0.904827,,-0.657581
19.860000,-0.844328,,-1.172028
19.880000,-0.770513,,-2.344912
19.900000,-0.684547,,-1.941406
19.920000,-0.587785,,-1.092625
19.940000,-0.481754,,-0.114134
20.040000,0.125333,,0.440680
20.040000,0.125333,,0.533909
20.040000,0.125333,,0.394778
20.040000,0.125333,,0.373850
20.040000,0.125333,,0.431619
20.080000,0.368125,,1.034342
20.080000,0.368125,,1.209326
20.100000,0.481754,,0.804722
20.120000,0.587785,,0.016153
20.140000,0.684547,,-0.349137
20.160000,0.770513,,-0.879601
20.180000,0.844328,,0.304026
20.200000,0.904827,,1.289392
20.220000,0.951057,,1.455765
20.240000,0.982287,,1.527425
20.260000,0.998027,,1.237388
20.280000,0.998027,,2.272995
20.300000,0.982287,,2.303919
20.320000,0.951057,,-0.010430
20.340000,0.904827,,0.944070
20.360000,0.844328,,1.969817
20.380000,0.770513,,-1.385384
20.400000,0.684547,,-1.664589
20.460000,0.368125,,-0.285684
20.460000,0.368125,,0.326032
20.460000,0.368125,,-0.271966
20.480000,0.248690,,-0.115258
20.500000,0.125333,,0.833289
20.520000,0.000000,,2.201438
20.540000,-0.125333,,1.076110
20.560000,-0.248690,,-0.636721
20.660000,-0.770513,,-3.743328
20.660000,-0.770513,,-4.131489
20.660000,-0.770513,,-3.814094
20.660000,-0.770513,,-3.463381
20.660000,-0.770513,,-3.736716
20.680000,-0.844328,,-0.317535
20.720000,-0.951057,,-1.442628
20.720000,-0.951057,,-2.388350
20.740000,-0.982287,,-0.567365
20.780000,-0.998027,,-0.151187
20.780000,-0.998027,,-0.822991
20.800000,-0.982287,,-0.639248
20.820000,-0.951057,,-0.469151
20.840000,-0.904827,,-0.664624
20.920000,-0.587785,,-1.126011
20.920000,-0.587785,,-1.158455
20.920000,-0.587785,,-1.151335
20.920000,-0.587785,,-1.080202
20.940000,-0.481754,,-0.342823
21.020000,-0.000000,,3.463606
21.020000,-0.000000,,4.427714
21.020000,-0.000000,,3.955638
21.020000,-0.000000,,3.453513
21.040000,0.125333,,0.816577
21.060000,0.248690,,-1.623030
21.080000,0.368125,,0.385055
21.100000,0.481754,,1.304038
21.120000,0.587785,,0.367149
21.140000,0.684547,,-0.559735
21.160000,0.770513,,-0.879601
21.180000,0.844328,,0.304026
21.280000,0.998027,,2.441535
21.280000,0.998027,,2.884769
21.280000,0.998027,,2.460420
21.280000,0.998027,,2.303117
21.280000,0.998027,,2.470483
21.300000,0.982287,,2.181673
21.340000,0.904827,,1.672413
21.340000,0.904827,,1.576856
21.360000,0.844328,,1.795871
21.380000,0.770513,,-1.675292
21.400000,0.684547,,-1.490644
21.420000,0.587785,,1.340852
21.440000,0.481754,,1.160548
21.460000,0.368125,,-0.324190
21.480000,0.248690,,-0.412663
21.500000,0.125333,,0.932261
21.540000,-0.125333,,0.886121
21.540000,-0.125333,,0.684064
21.560000,-0.248690,,-0.506039
21.580000,-0.368125,,-1.029448
21.620000,-0.587785,,0.195998
21.620000,-0.587785,,0.761770
21.640000,-0.684547,,-1.721931
21.660000,-0.770513,,-4.045971
21.680000,-0.844328,,-0.695964
21.720000,-0.951057,,-1.310585
21.720000,-0.951057,,-2.250792
21.740000,-0.982287,,-0.567365
21.800000,-0.982287,,0.296457
21.800000,-0.982287,,-0.245386
21.800000,-0.982287,,-0.552607
21.840000,-0.904827,,-0.560412
21.840000,-0.904827,,-0.686461
21.860000,-0.844328,,-1.128708
21.880000,-0.770513,,-2.344912
21.900000,-0.684547,,-1.941406
21.920000,-0.587785,,-1.092625
21.940000,-0.481754,,-0.114134
21.960000,-0.368125,,0.391297
21.980000,-0.248690,,-1.494415
22.000000,-0.125333,,-0.407168
22.020000,-0.000000,,3.495683
22.040000,0.125333,,1.639317
22.060000,0.248690,,-1.589643
22.080000,0.368125,,0.074851
22.100000,0.481754,,1.304038
22.120000,0.587785,,0.367149
22.140000,0.684547,,-0.559735
22.160000,0.770513,,-0.879601
22.200000,0.904827,,0.881333
22.200000,0.904827,,1.456997
22.220000,0.951057,,1.399897
22.240000,0.982287,,1.434311
22.260000,0.998027,,1.293256
22.280000,0.998027,,2.272995
22.300000,0.982287,,2.303919
22.320000,0.951057,,-0.010430
22.420000,0.587785,,0.935207
22.420000,0.587785,,1.827116
22.420000,0.587785,,1.984603
22.420000,0.587785,,1.481010
22.420000,0.587785,,1.654097
22.460000,0.368125,,0.027561
22.460000,0.368125,,-0.444659
22.480000,0.248690,,-0.170441
22.500000,0.125333,,0.990696
22.520000,0.000000,,2.201438
22.540000,-0.125333,,1.076110
22.580000,-0.368125,,-0.965102
22.580000,-0.368125,,-1.342587
22.600000,-0.481754,,-0.717955
22.640000,-0.684547,,-1.809843
22.640000,-0.684547,,-2.320787
22.660000,-0.770513,,-3.648607
22.700000,-0.904827,,-0.665653
22.700000,-0.904827,,0.275768
22.720000,-0.951057,,-1.682108
22.740000,-0.982287,,-0.710778
22.760000,-0.998027,,0.669115
22.780000,-0.998027,,-0.308268
22.800000,-0.982287,,-0.750199
22.820000,-0.951057,,-0.654069
22.840000,-0.904827,,-0.553673
22.940000,-0.481754,,-0.347361
22.940000,-0.481754,,-0.153745
22.940000,-0.481754,,-0.221978
22.940000,-0.481754,,-0.276434
22.940000,-0.481754,,-0.242352
22.980000,-0.248690,,-1.659394
22.980000,-0.248690,,-2.070793
23.000000,-0.125333,,-0.141691
23.020000,-0.000000,,3.812555
23.040000,0.125333,,1.449194
23.060000,0.248690,,-1.589643
23.080000,0.368125,,0.074851
23.100000,0.481754,,1.304038
23.120000,0.587785,,0.367149
23.160000,0.770513,,-1.120310
23.160000,0.770513,,-1.042349
23.260000,0.998027,,0.941232
23.260000,0.998027,,1.554703
23.260000,0.998027,,1.294760
23.260000,0.998027,,0.998000
23.260000,0.998027,,1.176056
23.280000,0.998027,,2.322548
23.300000,0.982287,,2.366592
23.320000,0.951057,,-0.051052
23.360000,0.844328,,1.075334
23.360000,0.844328,,2.007926
23.380000,0.770513,,-1.398087
23.400000,0.684547,,-1.685761
23.420000,0.587785,,1.353555
23.440000,0.481754,,1.160548
23.460000,0.368125,,-0.324190
23.500000,0.125333,,0.452217
23.500000,0.125333,,1.183355
23.540000,-0.125333,,0.802423
23.560000,-0.248690,,-0.538829
23.560000,-0.248690,,-0.736876
23.600000,-0.481754,,-0.763593
23.600000,-0.481754,,-0.658929
23.620000,-0.587785,,0.328836
23.640000,-0.684547,,-1.643732
23.660000,-0.770513,,-3.856774
23.680000,-0.844328,,-0.800133
23.700000,-0.904827,,0.568739
23.720000,-0.951057,,-1.705182
23.740000,-0.982287,,-0.749235
23.760000,-0.998027,,0.692189
23.800000,-0.982287,,0.139376
23.800000,-0.982287,,-0.620238
23.820000,-0.951057,,-0.697389
23.880000,-0.770513,,-2.222206
23.880000,-0.770513,,-2.716007
23.880000,-0.770513,,-2.513475
23.900000,-0.684547,,-1.577294
23.920000,-0.587785,,-1.065465
23.960000,-0.368125,,0.324441
23.960000,-0.368125,,0.550267
23.980000,-0.248690,,-1.547405
24.000000,-0.125333,,-0.495484
24.020000,-0.000000,,3.548673
24.040000,0.125333,,1.639317
24.060000,0.248690,,-1.589643
24.080000,0.368125,,0.074851
24.100000,0.481754,,1.304038
24.120000,0.587785,,0.367149
24.140000,0.684547,,-0.559735
24.160000,0.770513,,-0.879601
24.180000,0.844328,,0.304026
24.200000,0.904827,,1.289392
24.220000,0.951057,,1.455765
